$ 3 0.000005 382.76258214399064 50 5 50 5e-11
w 160 224 224 224 0
R 128 256 128 288 0 0 40 -10 0 0 0.5
w 80 240 96 240 0
w 80 208 96 208 0
w 64 240 80 240 0
w 64 208 80 208 0
w -96 224 -80 224 0
w -96 192 -80 192 0
w 224 224 272 224 0
w 32 240 64 240 0
w 32 208 64 208 0
w -112 224 -96 224 0
w -112 192 -96 192 0
162 576 304 624 304 2 default-led 1 0 0 0.01
162 576 272 624 272 2 default-led 1 0 0 0.01
162 576 240 624 240 2 default-led 1 0 0 0.01
162 576 208 624 208 2 default-led 1 0 0 0.01
g 624 304 672 304 0 0
g 624 272 672 272 0 0
g 624 240 672 240 0 0
g 624 208 672 208 0 0
w 528 304 576 304 0
w 528 272 576 272 0
w 528 240 576 240 0
w 528 208 576 208 0
w 432 208 400 208 0
164 432 208 528 208 0 4 0 0 0 0 false 0
R 272 192 272 96 1 2 500 2.5 2.5 0 0.5
150 272 208 400 208 0 2 0 5
g -112 272 -112 320 0 0
c -112 128 32 128 0 0.000009999999999999999 -0.4028157155036408 0.001
w -112 224 -112 272 0
w 32 208 32 128 0
w -112 192 -112 128 0
r -192 192 -112 192 0 680
g 32 240 32 320 0 0
w -192 192 -256 192 0
160 -256 192 -256 352 0 20 10000000000
R -240 352 -208 496 0 0 40 -7 0 0 0.5
R -272 352 -304 480 0 1 40 5 0 0 0.5
w -240 272 -144 272 0
w -144 272 -144 544 0
w -144 544 272 544 0
w -112 128 -112 32 0
w 32 128 32 -16 0
409 96 224 160 224 1 0.6 -0.44200884192813206 0.0231 0
R 128 192 128 144 0 0 40 10 0 0 0.5
409 -80 208 32 208 1 0.6 -1.4244738405891568 0.0231 0
R -24 240 -24 304 0 0 40 -2 0 0 0.5
R -24 176 -24 144 0 0 40 7 0 0 0.5
w -56 -112 -112 -112 0
w 32 -16 -56 -16 0
w -112 -112 -112 32 0
w 272 360 272 224 0
w 272 360 272 544 0
s -56 -112 -56 -16 0 1 false
g 432 304 432 432 0 0
O 32 208 144 48 0 0
o 57 64 0 4098 10 0.1 0 1
