$ 1 0.000005 232.1572414611057 52 5 50 5e-11
r -192 192 -112 192 0 1000
w -112 192 -112 128 0
w 32 208 32 128 0
w -112 224 -112 272 0
c -112 128 32 128 0 0.000009999999999999999 -0.7374801881181298 0.001
g -112 272 -112 320 0 0
150 272 208 400 208 0 2 0 5
R 272 192 272 96 1 2 500 2.5 2.5 0 0.5
164 432 208 528 208 0 4 0 5 5 0 false 0
w 432 208 400 208 0
w 528 208 576 208 0
w 528 240 576 240 0
w 528 272 576 272 0
w 528 304 576 304 0
g 624 208 672 208 0 0
g 624 240 672 240 0 0
g 624 272 672 272 0 0
g 624 304 672 304 0 0
162 576 208 624 208 2 default-led 1 0 0 0.01
162 576 240 624 240 2 default-led 1 0 0 0.01
162 576 272 624 272 2 default-led 1 0 0 0.01
162 576 304 624 304 2 default-led 1 0 0 0.01
w -112 192 -96 192 0
w -112 224 -96 224 0
w 32 208 64 208 0
w 32 240 64 240 0
w 224 224 272 224 0
w -96 192 -80 192 0
w -96 224 -80 224 0
w 64 208 80 208 0
w 64 240 80 240 0
w 272 304 288 304 0
R -192 192 -256 192 0 0 40 -1 0 0 0.5
409 96 224 160 224 1 0.6 -0.3956087496018075 0.0231 0
w 80 208 96 208 0
w 80 240 96 240 0
409 -80 208 32 208 1 0.6 -5.310415844710861 0.0231 0
R 32 240 32 320 0 4 40 5 0 0 0.5
R 128 192 128 144 0 0 40 5 0 0 0.5
R 128 256 128 288 0 0 40 -5 0 0 0.5
R -32 240 -32 288 0 0 40 -5 0 0 0.5
R -32 176 -32 160 0 0 40 5 0 0 0.5
s 288 304 432 304 0 1 false
w -112 128 -112 64 0
w 32 128 32 64 0
w -112 16 -112 64 0
w 32 32 32 64 0
w 80 -16 -32 -16 0
w 160 224 224 224 0
w 224 224 224 -16 0
w 224 -16 80 -16 0
159 -48 32 -48 -64 0 20 10000000000
w 32 32 -48 32 0
w -112 16 -112 -64 0
w -112 -64 -48 -64 0
w 272 224 272 304 0
o 37 64 0 4099 5 0.00009765625 0 2 37 3
